84.00157234418943 18.087585654161476 2.189019445964247
42.48007750622806 49.88753775037751 1.3079765191564086
52.98712756537758 43.54369606580527 0.9366769653647825
49.49870220143584 82.22959137071709 0.30689767827763315
87.99016191831743 50.400101581465584 0.11765639060153812
26.03099362620168 88.72919978570694 0.7556812493976143
21.48358387507837 5.047317635888849 2.8187395195535094
84.41722773947801 28.604989755447875 1.7314459591466218
53.50225924620639 26.87749346546031 3.084911817923247
56.41053187483838 73.17382264981022 2.148552341426213
33.91867214005406 10.912610053167516 1.9608917387841005
94.12930866152975 85.0863909332109 2.1358370858361404
28.358224252500285 56.65655502692877 0.22078311283514468
18.27021995777397 84.79066938805727 2.7692446253127003
91.97184963470903 97.65563236645129 2.0341959332173496
81.1015862408175 33.53312503341901 0.29317879083407655
48.78291584003514 62.702245062679275 1.1034875337602124
11.326592494018328 49.75595984524986 2.886853283826806
64.07212796043218 15.665154311099982 3.073664792512066
68.18067201115305 43.90722020863068 0.35437315937749087
34.233827729506885 37.0939739886409 3.06502316206363
93.35934384954199 6.866029069919765 1.6903948193781118
68.67590291946564 2.3808166338059045 0.208713223747584
12.743676664907543 97.91374441581415 2.4303287790004893
54.399052454474294 30.09915258931246 1.9577369360623704
71.43296123855677 20.616716506550514 0.3747897005936055
39.45524481295223 36.90033056903782 0.25648513675211726
74.87032218463425 26.64433042124541 2.737677928661672
30.045692775776544 24.98919026011921 1.8597957827693155
27.61342085275753 19.899584624926845 2.4269567107630485
40.5327896327512 25.28860719824343 0.24902106863522783
52.91368144373998 14.028882392419916 1.1681809266380454
2.350182040193338 8.025440559381858 1.3516375908096576
3.000740669064428 22.957995994935576 0.06404734363444879
8.499386100440788 48.42888077815321 0.8263676123498823
80.36526568907153 14.239834270299468 1.5982469183106764
45.477781760837246 42.74476627337768 2.9145555495203417
23.117526346227734 23.346169953117712 2.493373076642698
95.3819555290571 99.32789556310631 1.1432244580134316
81.72300602984356 52.21555464326906 2.9253807085873054
61.274058186305304 45.84294934603059 2.898311311941522
52.22567066038495 53.88957314607297 2.3690776967391116
73.58818343795757 76.3665481022239 0.7818099283384428
8.023845949847331 43.32334027086585 2.0488651236220186
72.18805130426675 25.782190055399724 1.3142469685797478
67.44677994352092 67.76539202140238 1.6209869448279368
68.765403824558 91.11900253663313 3.1103304577354085
77.38839340461813 59.99750127639324 2.685307471656043
94.42326391148272 42.051619334674896 0.5675399162228211
6.132671201299145 6.147716889732147 1.3289063268848837
12.6081754030258 22.761502652871624 0.26446695421087574
19.366510887400946 88.81525697533117 0.26501061461637815
19.819726181677787 56.08874118207806 2.8719597514671595
17.781337651140305 14.25806282957499 1.4378834445935735
28.149384960331226 24.378426956962652 2.5073047659363565
34.551789856932956 90.05554212053167 2.3668095450214786
69.23940721383333 62.000819060633994 1.9594124894867988
58.92232213718764 36.08789095471896 0.7628702019501151
24.712949972649454 31.288053885680522 2.0178035704615316
16.83624096585733 48.79746157299563 0.9617734597292656
20.2372634407041 24.112812547735473 1.9150842278555247
0.07574512162494829 0.10206412619219174 0.7918324560901621
5.445827842174333 90.26845646154229 0.19062046137368388
67.73251171276968 36.68130018311607 0.7003507629221287
72.44937680505956 65.87145913233769 1.1072136449669576
9.246248606556273 8.106868515934085 0.025237548505058962
13.153342511694854 73.72132453223995 1.8706043107019532
3.4265128442630077 47.00632626287317 1.609667594044849
31.179976822710497 15.558831877054224 0.2722170155949352
88.31114428890618 30.5146063033659 1.2650786673207415
95.06471184480606 71.32407015508079 2.9758599350988666
85.22752950462906 50.82397510523988 0.04713106137733425
93.72639834164387 48.985776369718415 1.137324930111219
72.35956238001448 14.415117436150016 1.9788555852460648
74.57691166618531 72.72583644414658 2.3730774499530423
53.455613701760804 12.588743479033726 0.8012598723097911
58.77485219755223 76.27596465730566 2.006294206615492
97.46341152474443 11.487342465928684 1.6892105511139532
83.35474827583694 5.755646407781034 2.513648400170506
19.279854885766433 48.72563620835278 1.0281288470818515
42.513002611347375 47.29807866893552 0.1338230079359406
90.774145653992 35.67010899801345 0.5828397871593416
4.514443983212479 10.594656958532378 1.3884912512229002
16.084832452776997 9.482780335087204 2.8505700850390023
53.105698404139275 58.65375292430141 1.071402239471267
38.63775144450139 46.19013956665866 3.0000402454580994
56.08917640404165 92.59533796420425 0.6866967722397648
82.04813626839179 58.60477331113968 0.12805727799616043
89.61282738743648 76.46443970890955 0.3420549647424316
24.28750104754841 30.826626585542584 0.029719680898097733
22.371470503237433 80.61406603072922 1.8824206864356894
41.3498987166666 91.50272520614742 0.05527651779551572
91.72363319046785 91.18355904944161 1.9712893862057428
16.01087649768791 88.05156293854598 0.5180876559469766
26.609695700752034 75.93335188807457 2.4273473867706077
94.37583318133255 98.45251210336016 1.1722687970652208
38.44376433216057 94.89417423420402 0.7791374426266297
73.1103926604267 3.5809508144600377 2.342710295145622
30.230317803320116 20.163583121834872 2.970958783163785
89.73111305105547 72.79122976348805 2.9891722346115546
72.62485390572786 70.11866357836395 2.0575208195996577
75.99536210787358 54.479300306830055 1.9649021799491615
97.99769244544319 79.7721321103485 2.868796405693662
22.98105204497095 45.27386639140886 2.4745730558610473
86.67647187835618 43.613011548695624 1.9343762203160733
33.924459154015885 91.71443921603839 0.37708704041190466
26.660900143213052 44.04750736063334 0.7714206763091249
38.429904242675825 22.145550067265873 0.5466234582273555
95.17086613180246 90.14600661259456 0.05321063969512423
63.83399118634949 49.72961065948491 1.2656109856997761
84.09747794108499 31.182278531111717 0.3296002356076264
73.74807304508211 56.69564673221207 1.2847153028936174
94.74316177183317 9.271266530584832 1.8546194986182472
55.03051674088857 18.5337762653741 1.746000237608443
20.415427136697495 91.70174176202711 3.119015749935922
82.30771730294295 11.20348152584838 0.284199110115174
43.64317845552365 30.350632539034827 1.6992434411514892
9.986919393365989 90.30708081576833 2.346153677928846
5.201522548489434 26.37850119796463 1.570842004536383
14.372558316590789 56.17181721933038 1.7489094187616994
29.932706689470834 51.47079228860837 1.416890330415743
30.651090050324004 30.83617508667057 0.41850823315868024
72.07429878622507 35.323256534942516 2.3132244426507693
16.00477304189075 12.082782509545098 0.07003550865711868
6.500292211161085 22.18020814346029 2.6976760246558333
46.23595585461645 19.899173541787306 2.634304355162576
38.68135608639858 7.036841822931061 2.6375031600196936
34.49632931720754 36.04899278156063 2.9505619889247816
59.839070162001626 56.005567498553575 1.6337931209272005
28.38892734828724 25.53603562147465 1.227908310185679
16.704168286899744 65.46739866762923 0.048013803531072916
70.75426619181961 98.71721679160287 0.14222766386518837
1.6067317632097788 43.167433616597094 1.6241226282631933
41.80934768747409 33.198482792701355 1.9484691345108847
94.83195258714659 30.516496473451106 0.32411168754052894
73.4979739090405 36.1807817326506 2.8469387001633653
52.360355329102326 9.448172431610836 2.722078973199291
3.8412879425511415 55.09896525040547 2.3133799990970014
78.23704021709958 83.33364179960995 2.917886914255377
58.82113381705156 16.015429202952802 0.8851862122512514
37.19767856347431 71.39803706999585 1.5454225630185434
98.42725339600597 13.535800918163677 0.3316417292160535
58.58133748012061 39.376966670416394 2.6807074344205177
73.41523310879559 74.83147438008176 2.3159240201135622
66.37873004196436 25.548356178658803 2.3502926643722324
10.036776639301593 9.632261635435402 0.4025510148755072
32.28779708454248 11.698013255483286 1.4805614343596871
54.83195240459015 90.59140666801687 0.2858453792919753
16.444731102538857 45.52662591982239 0.6731449041274266
3.8016313662076695 75.48553110060993 2.8983121192486214
38.78400065819402 60.605546320043715 2.7717109975510925
35.962945007548875 44.52742979934181 2.173137371094204
65.88403339429468 27.711026961711347 1.6005101295513438
18.78914158664816 71.69918290619245 1.6053811363745087
29.75711655915293 34.80618106642693 1.3919980084642092
54.82385082576765 14.013624355541088 0.882409690572856
26.12083390410448 80.14668310507174 3.0576728556888693
89.59431923906571 70.94252925339384 0.43736026000749434
59.411302284405664 37.609349234466684 1.1703154435305998
39.08185658455315 6.8520756227153035 2.761081817885149
27.809851125348484 10.410834785943667 0.13440513165206108
57.09082023457792 30.46272063200357 2.640561963192851
97.89475837237947 58.48688832740683 1.781482803567244
99.73448322804244 66.4110551104776 2.455298030241836
5.59734406577247 33.239538843798634 2.6137049474933094
39.362724415480464 32.693544820192024 3.061115787095598
34.09979630324863 6.454944199292112 2.7853244711811316
28.658630201262003 30.250138954066653 0.6218088894282171
40.08189861155318 24.826716647473646 2.6717411309519536
12.736027893712777 83.43121068678163 3.0692151390182203
42.03941088454768 23.463885890003134 1.6501141494925944
33.89842818212361 80.83615480650371 1.44581413797881
71.15793626895355 39.06758944928751 0.15153158248047277
82.51344160208411 72.11821191203217 2.269971754919294
77.53229312915774 22.912668470271292 0.7128652429709741
25.67380989330037 5.6881249511053 2.950448407725662
85.69744226215556 41.41224243286409 1.9283591054248814
98.39500179604615 79.81321341771287 0.8747675809164343
63.05532090553242 60.09702320339302 2.4970241109261977
37.12765897175967 12.961659842475747 1.0409290490582697
69.19808619016541 22.127710999416873 0.5694740912695331
3.843243169786592 67.65279374456401 1.3170750970075356
94.34045689441149 35.46906975653534 1.7151259586037713
20.19426539151069 87.86018550175446 0.367092519343409
65.95215563608151 78.91352116716084 1.3251671932857605
33.6774664334621 20.57143812992861 0.5568034632580232
22.372713318887115 86.9317215443529 1.8768678398282415
87.21256944425656 81.80684590406263 1.297022539742134
51.12372573828131 82.8402469530191 1.885914148251007
89.05466299115649 0.7160680695557642 1.855833413561557
52.227319795494886 74.53348318833488 0.0696193905754982
57.93258074973484 58.119596128570514 0.26270536413080253
54.129560766425136 96.4603514286775 1.956004997837819
44.25613465653353 27.617091737726028 3.103117383614483
61.438623977304616 84.7486528552029 0.2988193636504754
82.13307850900439 11.671810425439999 2.98385254324888
63.26898454865065 92.2745871121023 1.775626516763249
59.96703602601187 22.826214681811564 2.648116278578468
24.19957577539882 39.39832839863497 0.4992707787100615
46.69510525630597 55.60945988695827 1.1961065775811932
81.78323366488476 13.02622652301042 2.475383726680391
61.110398885270776 27.550524471154382 1.274260846504556
27.143575282575895 70.09106741739909 1.0057422740665032
71.43714400154194 63.757381709925966 2.6095430900238643
80.64477802225366 42.69867482344088 0.6919360575628993
57.69871178748378 46.33266968332964 1.6459253137552619
89.77893960291836 94.218616303006 0.23486361540725922
76.65633179333341 48.64406225339 0.045681893377193514
6.084607985205881 86.60667729510305 2.841051549182934
97.30155067142425 29.370712971961265 2.6717000572940295
70.79780680084632 53.00888495215885 2.9065187576258085
89.803560125347 62.37606855111506 1.004518425690444
87.27731267099851 0.34645087081156545 1.4257764843629541
5.7398639957777275 64.51622692317292 0.6848294420099924
2.178343491430168 20.281490417831648 0.4000218273479722
89.13391575366524 48.05130046886141 0.32802369525301
50.31122855269179 78.50325918617413 1.9460388138713458
18.317498839546296 99.99312961973295 1.5084720267702476
75.95183280143242 0.7863007574547387 2.2740834553173257
45.6656648624121 30.3871507675437 1.3134533856018664
42.26838792962418 28.866495832011484 0.48451052555586116
16.468134773952382 25.040732027537338 0.3026307105982629
92.68897610204145 69.49724799173713 1.9852714086543846
58.01340704066664 88.54325280176639 0.2896789082632051
53.29377299350171 42.1603085621909 1.2594877643368403
24.119579391511714 91.82971880864498 0.5790258325919003
14.407905191294546 28.050863611199528 0.30863037166842733
31.048015313334133 98.41287167148735 0.7984479730495991
28.118643243001628 7.6058112610810635 0.2028100268951487
53.0874752659384 73.59943270637352 1.705289875391904
91.64993695996438 10.529031643924247 1.8748550482658222
16.98657165690487 87.43870681719189 0.36220771111656536
77.48047109351972 24.565609476399153 0.19143154157289824
52.29972679150967 17.038581543606767 2.2441811421131064
62.14260282360843 9.502274705674962 2.3708035497978255
68.63944256142952 96.67362024854478 0.7226531942242317
99.16889693502245 86.12951328127359 2.5851889188372326
67.5981749388548 37.76584952458213 2.1669592444453896
69.7523625831762 43.99416757504061 1.757715753853833
50.26249295240098 95.90075214403277 0.4205030484638484
91.6738296547893 49.258763277639275 2.6219958992685877
20.463388235029022 50.09941057670022 0.7889931742232007
12.066370366075962 54.2970192271749 2.45132747820726
47.56998458194806 83.47075395264993 1.2487602087582956
62.799230042784984 95.50420360288912 0.2354392339184857
74.69437012534645 43.43939704873333 3.1281763452379208
10.661255559411774 26.50090010147452 0.804565655769709
64.21000406692411 90.7159020050052 2.351232729326914
11.771770530939607 56.334374021012145 2.7819785738509224
76.6230581256647 83.5157908098268 3.135368410838192
5.832882261694861 72.56788385691674 0.4987212818114258
19.347891653075898 58.17934971178937 3.1150666412912886
74.82700718076978 81.69022298747267 2.841417311121875
44.91157326767819 57.43314244229584 1.0673766393477966
40.25907954948632 4.747507716418175 2.1962067073156817
12.56024827174872 90.03147448233591 0.6808733422494804
39.12032109947874 2.705251707605616 0.9258495639789803
58.855540800580364 97.86147876158769 0.6327869210149335
62.90704994396171 18.98507867205047 1.0919834963939852
59.06391852904872 99.42306960798302 1.5021047125780498
66.36211754909695 95.8427700189971 1.741007333599946
12.595972361395757 99.66239063653393 2.106810346403787
89.06700910259147 16.872591801253645 1.8526538436002438
10.96073321561628 61.35901596833945 1.2437293674087995
63.964615247313425 10.841024804213994 1.83241335258871
66.65132822845065 80.16563842425585 1.6490670687588878
97.17166398244935 32.450310836766086 2.8486797772918373
94.50822452077668 29.68431746068807 0.14900477274898757
59.8914242009793 60.025328786017305 0.34171821968555693
52.7712384444638 3.8018018712162815 0.0147241587070111
27.375458287292133 49.75146192013891 0.8832153669423136
55.882665612476366 73.65473021026574 1.105716828380109
82.99276316256922 85.42083631675371 2.22554559355567
45.50302779082411 56.69850121738397 1.4553947031894907
94.01241610480795 30.819634223821257 1.8579894986649266
58.622662504060166 14.880561476192467 1.5497656264705542
29.86738193300653 70.32326796481033 1.7731833257650012
62.282055232209984 38.302273086214555 2.9503655571969247
29.41207714772711 4.915915010104421 1.823981520970556
94.82385834229457 58.49853651911402 0.8816337095668445
34.14554550640187 89.5994964214864 1.382174625941867
22.291691452228292 91.58237406229998 2.667167819143146
4.095207572703108 59.89953251958134 0.21567778938516982
2.2148530861796467 75.3329222729887 0.18228835891329978
13.433055677173488 82.89006363459944 0.8886110053214044
81.3072873864717 30.320370701954722 2.835997394473182
39.188444660045874 47.253627990924116 2.528236288561207
9.610372503601038 34.478746442029895 2.0977712945332607
81.01868077423866 95.17486357209326 1.8492812080481742
41.87937263335336 36.33388368664568 2.5466639261329216
0.5595795315788576 69.64766022818377 2.4297429754288395
32.708799721231806 27.332038733783605 3.122534200842566
22.35758836320073 21.497260100122105 0.07988300733987332
65.93192879242132 9.995027314698623 2.3420593948798296
68.79410151806042 79.19214148552604 0.03407927738927009
35.7029988333082 40.181945824641204 1.1974991844796892
70.30362486029841 94.070600224665 2.560882521823805
36.83477918960539 30.969996317696236 1.3435688255344505
83.7150146737503 88.15723411336457 0.1626778002497091
93.52754048084758 55.12750961289571 2.758280175613948
54.3801204006002 77.47359684628894 2.081761484476729
32.75852559698048 21.00000126958873 1.4578787354422824
47.296597091298054 99.03205864505047 1.4399498852633106
67.56088526354576 14.39004401678583 2.368587328305011
65.44384141338799 56.82525485032476 0.9921854118833258
33.77351705014983 7.128787882804843 1.7387675361356092
18.06652687635103 63.489491857801596 0.04575753336412259
5.831463081041788 56.752087642186645 0.07987115947792725
63.281782401032416 11.635901266096905 2.475459507528067
74.21821054180542 18.40423307840333 2.48706045285655
33.11066793572542 85.44161252651602 0.5864177478811582
79.04495537148321 80.28026342896776 2.6160514159296175
37.54448140899371 44.04868524315352 2.643039183449297
48.55362010160489 90.21820142495449 0.23140340293043235
31.869783638842563 67.77725232767878 0.34373098264187674
76.7399010835509 80.68744666005828 2.8496129442035008
65.26950318732612 69.97191623943857 1.053480181082399
27.337977771520105 83.54222244310502 1.5269261032256574
30.830443328139477 51.82476432104779 1.7404910666750089
23.034060072643626 46.13085669115273 1.8781664073616566
27.32025937661553 51.572370880378195 2.5120774052420622
33.13084940387455 54.41833370025068 2.6234935383777165
32.538316753438544 20.290044313472954 1.7209308369841494
81.60037031972588 45.470658907691416 3.0893606651161662
13.03562434154416 65.17761150428777 2.7450900444671533
12.078769301298975 56.01818281703784 0.9830099794139406
93.33355099428623 49.4155946875732 1.1796099624528218
96.18997806141878 93.00549523885701 2.144821378837193
30.17129674413531 37.026945748900374 1.8250693107307838
95.96650407812204 71.8485200271811 0.7666121851841138
95.88186675890962 39.369764007356025 1.3890360760060187
98.50410282790962 60.22191361304097 1.7037150585525314
98.29636914599325 14.259444948290001 1.2740148982958832
56.690047300361925 68.0738838221026 2.67242637971227
90.74370816413257 93.90214381687606 1.248383596635799
37.72522675213952 80.21217731907343 2.4744568486851
25.628336599490375 33.762375703025924 0.6516225656701261
1.3427919436138303 94.05357474859426 2.3714141623742457
96.04275662604869 2.177894244028622 1.7691073950795604
53.230248695351904 96.43130256937738 1.0716197739180702
41.57870805453242 51.745782247048176 2.9943482186279806
7.095411135487584 18.104592835089328 0.5644612896540583
46.869124307934584 64.74164094720688 0.3447452174558465
26.48266498451106 19.439342422825668 1.2848355254035142
29.250911436686376 75.64752555041527 1.7171569068914614
46.06232180222669 81.95260913848477 1.6697327560720596
70.43434490911402 6.146313215784471 2.598313790089348
67.65813367010561 83.85288779763962 1.9803131693170324
87.15242592530169 75.8482054088446 2.2122594822378674
77.43570790257273 89.00033333106482 2.244685683285403
21.29432298229441 21.001605842872806 2.5520015101583056
32.71820006261289 82.71647921911676 1.2126131717235307
37.384704848916265 75.98809138461388 2.011183682282512
55.60998741416984 53.06880339979081 2.975156946560403
65.89675327962927 44.75967899995222 2.1476176996583596
27.283277828837004 20.01333593222676 1.735419404768322
72.30402513840723 84.7263411639551 0.9644599330669268
18.594097171185076 39.68989802640692 0.1845852818731707
15.101202026220296 71.50070476839653 3.050456938331695
71.50335791955716 25.22887899155658 0.4600034661868117
39.593298218810105 48.934041153129385 0.3577106450626655
93.2636585209257 76.79946357137821 2.930553691000295
63.735783695194485 34.6157696874517 2.833416653263486
92.61662957544276 42.36348746160349 1.7094186542701724
74.35339177804534 72.69307205556575 1.1384145293643342
8.758394623633547 95.77558983966526 2.0513590443627625
8.573540709388228 93.16968844401612 0.7248127649491612
53.02211138656514 75.57715507781269 2.8183294766636586
98.53129235094889 45.86035601643674 2.749847503166586
37.44940346657681 24.878371796471978 3.124586424194988
51.76372810643021 38.97765217858932 0.7205935134512339
0.7411613345527202 83.88521694900271 0.599249073657578
58.72751804401113 28.560227233681935 0.2137498756338132
57.37152336978294 57.80328440210466 2.662851430671686
33.798272701673014 71.04853935130348 0.7552934313718388
50.526711863686344 25.5354319683479 1.7595648868576041
38.632963659507325 68.57817327482077 0.9627334498580453
13.87444817703657 86.0005682157317 0.41077756521557335
53.253432221828945 38.70672640273426 2.4177588594014603
89.19355967036599 93.51749851866866 1.5160231791834693
24.69716424112921 40.98804077371345 2.8686501233630977
67.17274177368041 36.68810805403759 0.31822469712532725
42.33828810592575 47.98615225690119 1.8170442140750476
37.898770287989635 36.62151228782875 0.15320867904257596
6.131492960275963 1.236469137668017 2.9512784081020187
82.47578803156593 18.263035539836125 0.6488622097500492
46.39956202386709 91.18059486246153 0.22418389158784216
94.55009124062451 93.53673192235989 0.6930869883893045
40.42604658362874 30.12252439960359 1.5828081969830634
14.357236736280543 38.67346366296868 1.731226737815004
5.63577414352352 55.54159424185413 3.1347220893377195
37.29839891945574 95.60686088830829 1.3221111389311806
23.03100917079821 69.04868314747247 3.0135605334390534
99.9905119687734 1.3809727754732881 1.8564633282063472
88.33548787420456 36.90514261343035 2.394606239961833
58.575106181945046 6.128886421645518 1.6722739037149796
42.60492756150456 36.26301206051951 0.057393166099598325
66.46316460546096 48.915098738763696 3.1211860882354943
69.65012328832792 82.13867680780133 0.438925812559718
52.552155665277375 97.78815263746891 1.0747486230690741
60.386002997991426 93.40173085672603 0.6048617352953573
74.80791035380588 75.3443004861704 0.7563688418360891
30.569268905709603 90.92299098111519 2.1021244248872297
29.81477571082157 52.06533492032126 3.0048213630509735
64.21356726825401 43.43012105214873 0.4756110281294271
82.1535638847845 27.397734403223982 1.2475153043975802
97.860670140259 11.304210162097073 1.6416411496442072
14.3927428486734 3.6636411087381915 3.050238641499554
57.65616601900431 66.40715028102409 2.218181507698921
19.024203659138884 73.03168375044531 0.948029968094173
95.5532496872311 54.30601453379169 0.5255125191650392
16.120385751394185 32.30586042197524 0.5632142647717772
65.36668371762681 77.94248437468775 3.070256881211049
71.51794988999998 20.795501949807125 3.087562370560783
46.746221629534105 6.403787283903151 1.7049088512047623
99.04921792878334 70.04679238563554 0.983951745510231
19.091589116697815 27.270719479529916 1.8238215225198742
80.51220326173363 96.30060221755998 1.9640876118257642
41.91749699698272 94.60918922209137 3.0232435056466342
79.97030302607916 51.57747065727055 1.0804950898343777
45.67518563629718 27.220890879397576 3.095318354927506
36.73951705318066 91.93644170584969 1.6749505750364833
19.77219648733578 65.0626365928335 0.156688223927946
83.39028813546513 75.19489898942547 2.4305024614610744
18.452383094489623 16.676688410412265 1.8803946131489346
30.565074852672367 91.2176765904436 1.8785485925412841
96.1073488801684 28.877423991247365 1.4233535389345953
50.492439452494175 50.840544935686125 2.0181010524447194
52.54356429412067 72.6670293676521 0.5964430951068713
46.894685457460895 45.894211751920444 1.9345127296086573
90.0111614914293 38.4842191312477 2.398704688530284
16.6329269714505 18.56875694597956 0.12061607722302828
57.48179768317758 20.682365643021118 1.1182764063615918
14.601641838205094 99.54127741300015 0.6713419851669983
24.30281175181411 93.49494863147623 1.002092803382845
75.1497899959699 74.51622316986663 2.7713211917831693
49.903222841955255 84.21451532030511 2.614853822943897
93.38691381136218 1.802868940642588 3.0019531694537793
96.55326486545728 26.333581918809312 0.3044494046768489
37.861191125479024 67.68563649459587 2.209067054169203
37.47407648932752 20.35738987664174 2.2883682501318363
47.38214754723137 36.29459793093805 0.6466059517044004
32.80983413249403 0.2530405958462212 2.89233915757398
93.69617672206456 40.035636268148245 1.6721923255863929
78.73806606125213 59.15799134658597 0.0900161063737925
59.11661150612474 4.69862133495047 2.534740570670704
27.66599824799799 12.896987803536398 1.155948014280799
50.50913552079012 67.27971997284097 1.4392471314285353
84.43955228563115 8.937928408335727 0.06922278698481775
98.2561962820348 47.30158841766392 1.4451876606155212
87.61488608849079 38.173321054164454 2.5169589994436707
76.09957843511908 80.83658996229963 1.3475015447002803
94.10370317834122 16.484105371028345 0.3375450211164581
79.72498809907086 72.94387985728073 2.4023394827232365
85.41223575423885 12.349031900697094 0.17284404061236075
44.24815935945931 38.153411833774896 2.4224004345912356
32.54835533638053 65.6531644765468 0.042053515372988966
13.79478735522749 56.56518219130909 2.9332760919885783
12.643361534552078 12.48510701525898 2.089371273185811
13.71851425906856 21.02645270728751 0.5786179188658614
17.2216761231199 5.9822387444125935 1.1632084976377468
52.47992643088734 94.42736592654003 2.7941731142106443
22.282666154224483 41.41024918522387 1.2664680328790376
42.579352931423074 42.73901482351985 1.7236694977342648
76.87316729835928 37.07403670629387 1.422700661588767
51.45101242101535 99.03661055239877 2.6205030795321456
57.285211021738135 27.93002855048592 2.8791982393665236
36.32908771465294 82.89077395097266 0.20652994750788783
92.9893749922214 75.6833535721772 0.19363418320095793
52.489879065746045 6.771819723894479 2.9192477399599355
88.017484146489 51.32967940732905 2.0306080141490046
28.410307437474646 26.38985530499962 2.122084693026873
62.39366664615047 37.34701685402505 3.0503889574964287
27.352755670759965 56.233514085216704 2.0696360719392994
67.13601691278693 93.16768559581178 2.7885702913309833
81.99507524380263 35.85249862907746 0.25531975604497686
28.308042862031023 44.14514887444051 2.9813322584632327
8.998851642083505 37.53113237276611 0.23877632801503634
77.00553132458596 78.2821723689993 0.24552864101467953
51.74294232641097 49.8778625586141 2.729915386701649
0.5226755268391559 71.13551430373901 1.374540130641543
69.99200073691529 56.16581003692737 0.30968435131891886
33.887456328275675 12.143352353857539 2.8386406989965827
48.76378493154502 64.80259576172807 1.4976245891316458
72.74093637489621 41.88871720868116 2.5103275626759998
79.10723929001885 91.64696842759828 1.247027382840404
99.13918512290014 98.3747177644765 2.78625782192471
59.3184498916683 53.80870333418579 0.5238402590917046
63.21881770809412 11.558946508653278 1.0540699078164246
61.80646198698475 73.02502290326404 2.7453830343957972
79.68531481563494 24.920311981230746 0.7175854759081864
66.36278691102761 1.6836068259982295 2.9628813487748045
90.2285250229164 97.66896002533255 0.7772810148272158
7.776670629054905 44.703865266687984 2.673458794211194
2.5988064709654535 42.94045404209746 1.3079931789845782
82.42589645721208 66.25329977537203 0.08448769117971278
58.03781263466845 6.411088537659603 1.2565595141082235
48.48541557730985 7.131959743159499 0.5435110790212818
56.07473785596161 36.968900114062976 2.8285348281820792
66.94551196561794 27.12921026681888 0.13382427716057646
77.48758670646849 92.51968594359995 1.5237431140431916
70.05460886402888 41.22436195923221 1.613295466779248
42.924931105194055 27.67843072427668 3.0631311645180754
70.73616728519211 41.97505639036084 0.13959352095329672
52.26872810908072 85.16025173375846 3.137506036465053
60.065202123181294 37.64673277935997 1.039062125536739
63.91386135930649 48.11109806133624 1.7631147291621172
4.94837028156534 62.930176329299655 2.9611930845518857
39.776180483810975 15.99887308550414 2.689033732143503
94.76189283278282 93.7337797713547 1.5372818768072294
24.230997407724665 55.81974283668324 0.1504375141695204
63.03828307264531 25.52814360813641 0.10248177046109858
81.83081950808749 0.618026485779799 0.38193878573203
62.62794553915545 42.846185614447016 1.80538384103332
47.17014295457174 27.626267854763697 1.9992885240735585
85.80164629595212 13.930013469560388 2.5413258084598627
18.5230341840965 50.21933194654462 1.1376111700836318
94.01462953495884 72.23505510771729 1.7123861949723513
95.95146115709258 72.92403914300158 1.0812151635395177
49.62044696375929 50.2354501703192 2.3680762564340965
28.2582193737264 31.878496027926907 2.6292992873353844
97.73617154925974 52.81996680411493 0.39160832727350375
14.593256967240709 97.6064494749397 0.35431918281738956
48.67522910154721 9.588785890850104 2.240024766109305
25.096788371338285 16.28729767648338 0.4813478025953912
28.551970015873863 94.72464912864545 0.510789200928405
13.613035317270306 71.15105183791648 0.9091400939333013
61.29621258159615 9.06304706639559 0.9553250280378733
98.17147120110486 99.17830442644234 0.09718431988610131
65.38429073318053 81.71083863910063 0.23147053619458305
84.10907125173411 99.74403319230115 1.4686485873162698
38.90510557447049 45.19642078806556 0.4787070538508558
76.89820015761174 30.219104868196432 0.7735998142387803
37.94586117058508 67.97302956951758 1.827707531309856
63.42406336551621 11.989595729492864 1.565540283868194
52.54487282854554 15.193668628750457 0.261278103568477
89.50199934858833 89.43344215414324 2.855678248623804
78.08843989688694 38.20173674775831 1.265628718102003
12.001903165106132 50.016512905762454 1.6731785705845654
41.82126489055729 2.743687365569636 2.9942888298628874
19.06588678552702 76.12228957988664 2.7370727419738743
76.95322571984308 79.37824587458715 2.6382115243979047
34.11692562011687 83.97340992780747 2.1391481473725684
45.116495670175205 61.78004566995972 0.15556938296486145
65.22774159077959 15.582325950058307 2.1703463104745406
56.322399260525714 85.31219403789191 2.142796616552382
26.82696572480183 75.22075523120581 1.4347901570892885
49.46800640497705 55.386552672276146 1.6227373175425228
13.984274264567109 25.82181080820102 1.745181409824178
60.76649778175649 37.51503747773302 2.887433121447021
21.258460079108154 92.93447754414 0.03127998201996381
61.85690923753692 66.31996005373965 1.0653301170689307
14.849421673489903 93.13596806073174 1.7218366658667894
20.24029464577439 36.10257873760004 0.3207829119001657
77.13089303721297 77.75798088350089 0.9372611248153978
91.11899779420965 12.158971095005032 1.5874875422167947
96.03793660182353 75.14084042720498 3.0813459396297866
38.249484409798114 65.41477233100393 2.3572158582057585
40.18425166731818 79.00979807480431 0.10559307961918311
49.54904617668339 75.06964548327223 1.4271483246133179
28.900550968989048 62.94700118415854 1.0181886879087063
44.300821098766555 75.68911042720423 0.6843188484801732
5.053471277346455 37.64073301274517 2.072657778761203
28.884935451509396 98.31022515415013 0.1604042465516431
38.67687080001869 88.91884872685463 1.8003565262479626
26.05748796511469 52.74754320190952 0.5830698926723169
22.339529164434456 7.801933751794731 2.567013213269152
95.62810089825935 15.931007304693512 0.007788608117630333
87.80530487252136 47.21296886601266 1.1295404195383352
13.650118072952644 96.88783421208787 1.6818242542281823
36.33513133580081 63.42473990409337 0.4724121444106964
93.87682749020372 43.58796215811572 0.367979935777102
41.361358659094925 61.357347563264454 2.141264179689826
64.93415419919002 60.86596803790718 2.72907539432053
0.017698388498899043 41.92440093613327 1.3653137745240669
46.72423457100274 4.8746783226906505 0.4985146858987447
50.7575326212975 8.900089481261364 1.0923008917878565
78.21720025175547 39.6633103854118 2.834501269767031
11.369040139157837 78.76814158076742 1.5993342374580635
68.9624748343456 21.65216141219353 2.566489927789903
74.2680893234739 87.26300714852735 1.3595090588136372
26.810988159998562 3.9307587117590415 0.6405388627900923
33.66204147678308 6.29946681021869 2.7326432467364827
52.73364256010262 86.79289364484616 0.5828260871855255
43.379637091932146 68.64935690846187 0.10112272683705482
72.25195285990895 54.6270968831344 1.2219732125421947
23.907864153888024 80.47718258013762 3.035699656982136
80.2537239614302 81.9685366873189 1.6016732909693638
66.40375563408243 84.48277245431795 0.05105096936193705
53.47365769243623 96.2266983238405 0.25050979567938086
68.81845026478106 65.69862625452087 2.8772540817066523
72.34629224135294 1.71146344995583 0.016407935680814608
65.28925381736504 7.55696571176342 0.09514395607300413
5.697951299668846 1.8247779615084503 3.1253520854450674
27.41588275330257 11.35952785658272 2.337387406159283
42.02939454485231 26.04163920070227 0.3038457943127716
11.63020026849827 75.16076883412879 1.4691377659859417
64.21445108045337 95.6839822926201 0.29107814103289553
98.66098585376977 3.5663381225858437 2.6837395850062253
12.990908602464579 13.996810421847583 3.021172827023574
25.047583118623518 71.70283522388989 2.024271764790334
51.552025951885206 42.12791325889065 0.02005463723295842
40.00886985930535 78.35757572307995 0.29918637748135446
48.754032161245284 32.62211755379091 0.14578280929543827
13.961879838767633 25.348685645871207 1.738082113518683
18.27321372254509 27.49627086387868 0.9535550797119178
62.94885737613241 37.07619593810656 0.2805822721708763
33.83892452853128 37.900893129369585 0.6695878935859246
13.600669059985492 58.79247876410852 2.10029801750997
3.881548185226913 18.614501517190096 1.840774107592119
83.24425377249804 23.833806782580027 1.1208246169695903
80.3505889039946 89.29312940016543 0.36223095257125665
96.16097807199347 73.40811989124293 1.218252170613625
78.04618469762828 9.023282021321165 0.09870147832211439
83.50111833837647 18.99657393595353 0.992781653210437
36.99509995803716 71.40599770079747 1.2062189016285974
12.99255282578522 78.73814519713416 0.5447225526621083
90.56172594021017 27.573574554823864 1.795046247330991
13.521326578317494 95.74280140600962 1.9250665615158349
63.989700549091076 50.6366405078969 2.8746330855073396
65.75652869203293 5.786571504720706 2.8736609101356234
93.6322401225643 66.91198233760868 0.6210815140909441
79.9053497575078 70.23087354187277 0.7070770318827333
93.15318366056007 47.90353669436178 0.5175557389747455
89.59756086901002 42.56353265973443 2.5054335432961543
85.41112738239575 45.85264123447846 1.2053951483502385
37.09710911148244 6.7735494470835045 2.6064293672500773
43.17658604793856 16.00289448411868 0.20247480828464545
63.992736234364735 22.24671069024223 2.981636932428554
55.59428252713424 45.60002880117916 1.2095100848332514
57.498747122455285 75.49766642773835 0.8354679865236022
97.51512507871989 74.7678985887694 2.227836178107363
30.99625148728926 75.45377413996796 1.9077228301595053
75.01710920138017 7.788859831985484 0.6074599744417154
1.3484609032112016 53.23713974258428 2.3721308394748055
88.97645945609179 21.8726641808453 2.7664397355978787
98.49417341628579 72.39091977422362 2.511892497721387
92.69076335878867 41.58398433403345 0.07744077663374174
66.3007114158943 74.82613106890756 0.22209945710116774
65.05064972067272 86.27014437312913 2.731478063864514
6.067538425327246 94.27312679320103 0.7146199746133025
81.53706258879487 25.25054235559453 0.09438345391212326
0.31454365044850663 30.93397144746407 3.082755893177843
3.9389603147410357 35.06889964532063 2.698318915358951
2.740493353354845 95.87640149792121 1.099407992475105
39.5957687768414 81.54514423582495 1.1626986338663932
24.27070200194683 14.729729406426928 1.605166457870772
45.1504251903183 99.61410562334873 2.5825117446816184
21.518412020794177 22.875348651272688 0.04940032047127383
94.05380382617842 1.8223355375012629 3.0132533107865607
85.88497001164932 68.35421462440574 1.6466649164592764
46.980423003848635 75.90142801475135 2.8036154215256244
67.40960951726548 71.94427942295411 0.27228069571742086
68.50322257413056 38.407958993961245 2.877611051756859
51.28165758751041 17.113257582682216 3.0871963695712985
80.34332432006308 28.58160374922597 2.1113969710278173
7.45871344486797 6.1538333705310695 2.4327253464695295
14.253103992756412 2.107276290885174 1.3607868605404656
66.16785560099082 13.279473695191113 1.2113465495491393
60.928815214682295 35.254330603649464 2.44364657172749
78.37605198210682 94.19566504638819 0.8778716177535816
69.08799387606489 25.664517171027757 1.8026100897123356
25.52825462854046 77.23782169367243 2.1914603223300735
97.3975928499478 60.18912508129182 0.6858750104421162
62.89245686026057 96.31280896885178 2.7780805985837342
32.12262713380822 4.36942657286129 2.3272973178599483
73.71645045583193 82.26287812844667 2.0399786041695136
10.064589998603902 32.28037427042468 1.1019071037531132
47.37226989094254 21.971263245736374 0.6002012646129863
78.90990679845198 10.248440589737184 1.4789904075409834
42.35176662297767 5.37586171616703 0.5882127821154339
28.386665971701785 30.34507794360113 0.7610343191709718
34.08551494214066 51.242968736241615 2.014138425134891
89.36171885559634 52.81465787305639 0.4853861756116548
62.028168821183804 83.29790768910233 2.1054344975755073
89.38272437317117 77.11058855272114 1.0157720957509553
64.02971207843152 9.208233061704751 0.7971505722417804
90.01460469508771 64.15103647551356 2.3531281462140043
84.50048781593682 62.00166161426668 1.6319738084888675
87.2065735368519 25.299744249317346 2.1015736292240406
41.44809363094269 77.21817385442034 2.3059462833401447
11.695741405527361 22.71370756142409 2.1751815791427327
6.7025325396144915 53.26487372585551 0.9445235680766155
3.502226449343304 38.9591363689036 2.284268676316399
7.708341618988623 1.368767667250148 1.1035686269338731
76.82655912534118 32.55465001621703 2.144708192900598
33.87101867441649 97.0683596274871 0.034394339211124114
20.707930600453473 2.042383077316723 2.5774908668833483
60.28504358741679 95.34755050625992 2.2617661357204404
44.042362564757 7.849767623094516 2.8321871542305463
83.66545941831889 43.78915192113995 1.9209076411780508
1.2047145154576278 31.32947176034748 0.5186374368498187
56.77418834922429 6.631201141003917 3.0579645979892986
94.0114499554019 33.73584235363397 2.136756493511626
85.58386958501251 17.65005935282744 1.8249297065226406
89.12716659932387 53.78332277935076 0.07603206488676648
12.060350609218185 84.88362454833783 1.042095454723791
74.35007469991889 85.55906026134649 1.8052040898256159
63.26363403540144 41.76665194186108 1.3306964603673173
23.64314812638435 8.122562478272277 1.295535496548622
11.730480373627117 40.392565016760976 1.4722547102790484
55.731335700551185 5.1952030437661385 1.8862981112165706
69.30117944074102 50.42563291578568 1.8269702337870775
95.67907178748447 79.01211877127837 2.2951449398171353
74.54725989902342 71.06873357973278 2.5358530543486224
92.04387026719118 23.151071291650627 3.120438768969029
4.536379495645071 79.22483358805388 1.2201718800231989
83.47878158754777 50.2680866226461 0.13129697450431757
40.41785844202822 89.63133792733197 2.1705265902026247
67.91703568301976 86.36369964490142 2.490540687435429
0.3751303621323254 30.527528886959477 2.5022886018854664
60.98472710641511 41.43295049414021 0.9177826509985176
72.40444436623636 69.2963519666947 0.019617148647738076
76.44618788043039 84.15292526607013 0.8803778973394277
99.985999029622 55.28701222455356 0.8719737808814332
89.14138103321632 49.48331987253711 1.3034197368519305
18.106732091721 96.44572773654086 0.760426448299626
58.10358944445635 1.3337512894750936 1.5019224950699506
39.21872108221155 1.3704411171092667 1.804953224048247
2.0294233851752885 91.95343887169834 0.7435346705212885
22.672646614266554 56.6153698705788 0.26152266803130725
66.85680900594141 51.85785499221397 1.703746509604803
4.996230241360411 65.93172286616414 0.5328732521212266
8.17550331613095 22.62799111379248 2.3191508927515274
36.155925879009985 70.76981732605786 2.0648826060200856
67.34024141215164 61.557832020644796 2.558039884343973
52.046366579338645 70.01968692797603 1.9948067851839697
55.319649159398246 5.048170346620362 2.7919897006852312
43.268146112739146 33.6512470859349 2.525069975912843
87.16261658704903 75.0537562045534 1.943880123201146
89.03605518303178 6.496628233889023 0.4086264818322598
58.18497025138625 45.81688455745167 1.551547942728402
61.20921910272499 19.632745598989708 0.3457008602901622
86.29879213525005 90.00959209933022 0.28084880620383007
34.99508446786588 74.08204909590225 0.29022030984570135
84.52243543229953 67.22588550118309 3.1027974911044054
74.02690778989441 79.38788052266345 0.9247834980920523
67.67773931653561 0.9461310715480065 1.2403461908804976
6.265596783437244 33.256007424617884 2.1943887606603707
22.185937594928028 56.68706117187903 0.9896015421681774
25.735733042587373 45.16496103355404 2.8140555440240607
4.683898757403981 88.56760796291954 1.0836408250555478
93.42328547115493 74.44412645691128 2.5220191161648278
46.21826365970713 6.628859051917968 2.4662154871543303
34.164081351790976 33.08725131624723 2.7623257849195726
69.8069049546039 2.9356999763028635 2.3677794779352754
36.43831200386659 2.6231881053070505 2.8484168808981853
57.904589249272355 77.30405206481902 2.2394412561238446
24.11434678666421 52.4149889288288 1.0068524080914936
47.51576494460483 88.53173928410162 1.8049433423931411
80.15130662626171 79.01331001058274 0.5596805947180004
49.0635904065261 96.1130742492426 2.514912493550863
14.210821549899244 49.45175219883452 0.26241229927141074
59.83699136992983 34.862109142586284 1.3513094819137166
12.191590520621908 58.989393086033495 2.1173606114562364
44.97297988394345 59.772612573241126 1.1710668793326977
22.55587881186444 71.62158048824124 0.7205790758154392
23.322760965666202 93.8602323320335 2.035557019351924
58.244778666686756 25.067917067009972 0.028228511425231972
90.29750845660772 34.61931314521194 1.3157044726387206
20.554247957903826 62.176235698279214 2.9831948223114386
50.672361464359064 6.388057354176091 0.015295755146416764
56.949100388788146 23.757215711721813 1.4897638357675227
15.322187711900492 69.21071929340941 0.6239030822783148
35.55388000390659 77.6465307027803 2.387052173387726
82.15042861396266 29.671404061621807 3.086581730068237
3.587496597519213 77.48869032033771 1.4626431968807052
86.48038328344036 9.716695103598438 2.29513534237646
5.022016857439238 13.805509230537648 1.7534201701406984
70.06315546835188 94.27772363814539 0.811937288679239
44.2480994850768 85.76886747554498 1.3369655937498444
8.614730694592032 9.934309430699372 2.2284510707246437
27.61171118890946 28.747250911588363 1.1163896586795863
97.23411310891085 52.007104408511715 0.026355303689319248
3.731055602032751 97.95435516111307 2.8484981957352433
44.130749649839764 0.05764371253521583 0.6961992915483374
10.51935352973391 12.2281315624306 1.9902916408579867
36.32686456507167 77.05574036903226 1.7375974751577636
19.644255757775177 27.396211501457536 2.268120062898497
36.50381585792416 11.483181950136512 1.4019414450470356
7.089841665081165 69.73666869512815 0.9365646568447106
90.47727596727803 95.65257623846276 2.615936723813775
57.16131390401069 15.825881041235467 2.7505694154932523
72.21421411020378 51.79444540804889 2.213000326995186
76.7981703869959 94.67210865046955 1.773977092774371
0.02984235407293978 70.79079323843835 1.8932611575837814
38.71543149735367 85.7527722495528 0.9998811380559415
12.97000652798619 18.45865027280138 1.0598186439296373
9.004759566526044 96.00729351297832 0.9424641159477238
73.90462986060722 25.932883630567982 1.6761959512708988
2.5803792373290113 64.75829634537166 1.8883573297025187
65.87930766377133 72.62380318450681 0.3116839300262669
60.907352598410256 58.66156163294976 3.1228377920160533
57.093017066666775 57.77795826663039 1.25625314446851
55.56012666373562 58.156732972185246 2.2856753806363495
80.53155800547914 76.14106138872026 2.203288214366975
21.006251067212013 5.554013095209898 0.05301223648130729
63.26949183687272 58.54767988130914 2.1057406402100587
38.19642924587191 31.657853577809103 0.18452273583956888
90.82132078870967 69.8756189683914 2.6436550033436306
97.10509177878569 40.462619844759516 0.8644282040337572
89.25889272109305 14.074449996657744 0.9083040363169675
22.844865969388117 67.64351899557617 1.8157789642311428
95.45639658080174 61.219823122710736 2.6414625968114023
38.88241709969389 16.547325951464032 2.156228260357446
79.89500097929796 58.334845365320454 1.7182828801508783
53.406938472919286 57.88512047275102 1.7938937543817486
81.21073263304419 45.076554332286314 2.4070852100328177
79.31973314465344 25.50459851761959 2.391253058675184
18.882638201261347 16.77736961162245 0.4264407895074012
1.6362336614654471 15.857618489191672 0.4525805890063162
94.09859696631754 94.79064288079073 2.655024390825812
44.40800673569348 16.381889920503767 2.36107927470481
14.568628510287052 18.131141110934568 1.9531075980543038
57.7336200595204 49.14205338283234 2.364779243718754
30.695191179444226 30.149848283361045 1.2127299779748417
93.5782727811273 42.920091982930984 0.42392033347627667
8.254010570728344 55.96013205519227 0.8804552616507223
49.43181249973333 60.69932162903239 1.3953057790079757
13.03951791902257 89.74816617871477 3.1292718998313656
78.49197514126024 31.25719986734309 0.5281692774780434
24.55051448364689 24.669508508166594 1.7277786565153335
3.94915983012053 44.34401164087644 1.3577141509911907
99.04182433778463 0.8917971891148957 2.819316470658197
23.040343859932655 17.9690682586225 2.5839518550782365
78.15301239416513 91.7510028036684 0.8423034353675849
58.79363712819553 73.38476398577866 1.1015685384209382
81.64932260477877 21.397445652012347 0.09874418568575105
22.304520897661583 30.73226569550489 1.7357413405869806
68.27285298744114 18.830952339466666 0.22765435708407508
94.12034065444784 10.250606402986895 1.09109250353077
99.19817855558331 97.69146808188319 0.2187601731497684
50.5069045782894 42.847612590322235 2.37194113512608
83.76772124473386 34.349279544060664 1.7915321003552558
87.05441756554183 60.10473154978509 2.675643313069444
72.14553534755065 62.037017044268126 0.502714041314754
58.95112196637009 74.9877400728012 1.2177914863583132
12.348541749544406 85.14852247877704 2.533401709382171
91.11011916792887 67.45412246753601 0.6320816359106154
13.367276024040454 95.90753596067039 2.531241057285217
98.18105113429128 10.443420391659963 2.052663614580064
83.22017522117247 69.69052188388137 1.5717194003046842
33.00413164391167 45.17107905210405 1.8015042483811663
7.644178280878656 72.35412635835297 2.393911574211186
71.05246540546052 91.12320805142772 1.2230768549405941
39.74745474792228 9.809099277321199 0.008536967288471097
24.765943107770937 52.213259568853296 2.825001760117204
48.29644270465558 67.54423825490282 2.249413259320707
70.68981050385322 14.492468353492038 3.005011984861176
0.26142021699205875 9.283647736884637 0.9038229759068181
96.76853553951628 52.33876314625279 0.36822925270399354
57.974265037894504 27.02372410242102 0.35356473236459807
64.11981550020369 12.846874037043976 1.6454343788891213
14.224944104551284 88.7740706263452 1.9623900052411691
97.71739801887345 18.442868063224104 0.996969050574763
86.51529102806916 39.72753132976655 1.962720967023493
36.04470543270432 47.11549986172473 1.5150875306022589
0.14483043714091925 95.93177623172664 2.232808350430262
70.92235704492599 38.91965222292427 2.6784782460866934
42.632084691435104 23.916051697783992 3.0874599804977847
42.365241428731984 59.33214450340595 3.0918892585717517
4.420271081095029 80.65156798113719 2.6013353692687144
60.39846178569584 13.628124623762838 2.0622616172396153
46.13116002889428 89.11813685228935 1.5974597552134757
99.36019628605219 87.57774945681899 0.0011326103886613874
22.840131028181098 72.3239096353652 2.605227470443797
77.13144219781482 27.258792952071275 0.17256353010900155
48.00683338543939 89.44864901214783 2.1513397048431457
82.85583478335009 80.70151847730436 1.8467385408590302
11.758345534030056 96.60702022999395 0.25187632156241285
67.52271920162705 71.10070553697888 1.7998358245659198
34.898449885428725 64.24979410801784 0.5083320815105707
4.9474397570662525 11.552839533746939 2.052307257276876
43.76412719092132 42.211524691559 2.8251724035893213
52.94076178286766 67.85158813178455 1.272876590327915
72.73174365853639 5.903992335762942 1.1678924075853252
54.28987957131507 53.84593002839419 2.392214665255249
49.16879071612357 91.15631200753178 2.055155507994002
51.74409352355522 46.55196831810944 0.2943543410235551
70.56308032702053 79.18591714711884 0.8300467647164362
92.0397933472285 19.27901573961447 1.3616273206317773
94.46785020513641 14.166095311918614 2.058864280028743
95.37937543147294 60.2715466379371 2.8002668309639396
87.43848786983996 20.969514202087026 2.868044680385301
55.54494414467086 94.9982959827319 2.76319976285253
92.40240412082447 12.806624387648014 1.0702294692479422
16.155962460220064 89.06411073419139 1.5291132844658986
92.61049256865749 99.91308791226979 0.007021631931403345
95.36762211319628 9.47554892302972 0.7636519920938364
10.624866808204258 18.644743040794467 1.52771880848922
20.30998263451612 25.52332654816859 1.8153952226972945
80.79446212204164 51.0321938470747 2.6256637280517574
61.83998739582044 12.446222978346977 0.43577435890242516
74.3744795592205 17.37581227796391 0.15207055254884985
72.68425492031345 1.0542833019180686 0.039787658802134494
61.0349118552418 67.08714779418003 2.136529202064754
18.704368489612822 27.64142391878286 0.44473817287622325
83.78298879575634 43.74711199998607 2.2944884353824806
92.68539079017131 24.17497957819752 1.5935498297902047
62.76642887132622 99.35230276701216 3.119838085438396
30.130408771276308 50.380652024057426 2.298204360444204
96.89204610185872 24.858867328713984 1.9914876403978652
96.27745311807647 62.17105966747726 1.3407966020266435
47.69528663717539 34.26811021057367 0.04037830641473074
14.742199634527765 38.186250396134234 0.7314688304480768
22.669581415422257 66.04736920817692 0.9172644486437954
25.286162466920214 52.705741782782155 1.225005468823776
78.99026268392959 66.68897268897945 2.885058370630384
80.33182000941339 44.67697144166897 2.5570661312986465
14.91486100675612 73.25443459294797 2.989245833607786
87.3367350934665 43.889514504280356 0.2996272187214028
57.9216123142962 69.91170895300121 3.0263028132612226
90.5705378755806 53.529811078292354 1.233248964861603
38.99584963191889 61.682905935925724 1.575760978182204
34.02931959929535 41.70959897179839 0.689313338342221
62.948262839768354 73.75062790302678 3.07163843609805
65.37921697751082 74.17829299643527 1.67558322709856
82.3436398511827 81.47452344013547 0.8526630708748143
74.09861408249213 98.19272714745813 2.794751698181824
19.268629360435096 66.27612295081059 0.7642057164337541
37.49833649348786 84.60686605377363 0.4545552146453206
59.61277845382135 4.265247679283313 1.4862906897933568
99.05397040950116 18.2239723790094 0.3980312337549374
5.7905662805452724 77.61938514132945 1.4347717265933952
3.3457260441779435 67.99515248643002 0.44663805176304205
5.113166329863383 50.89502152507119 0.5377937666920465
38.07684269770966 7.219129314183226 0.6572985633607867
85.8505922561791 89.28100984337763 1.6336126054545903
8.36949349155418 80.37870770972192 2.647474078218104
87.75253510236811 12.539467673702909 2.10308898598459
10.228725472003209 51.092123707816874 0.7556989892836025
13.002140746856107 24.64937862300087 0.24506647361851924
64.33457157920517 66.1357423109075 0.5867800161147394
99.52910321241937 13.66887209814952 1.2791724820821766
68.13678069533174 42.85650076996376 0.2964303402695651
90.89723143600308 78.18534487819085 0.8872132826910688
56.3138086042539 39.86811006260965 0.9216086615915335
94.97085767272127 76.7977958980747 0.10959284362921845
78.35552971659546 54.61694179959772 0.08569192372209126
46.754668899879256 14.835848555075582 0.15625289946135798
27.99898099477002 70.78459610840426 2.7741937580108154
52.844370334391634 64.02569498009255 2.1138782177593964
64.13983212878446 21.461194390320326 0.5115060763688181
63.985523667219724 41.497949643958954 2.696194254267251
34.799980703591814 99.66460777619265 2.6755404976299415
17.438284264719982 25.182977507726832 0.4129419095687577
73.81012696425113 39.93141326449556 0.6836635581204726
31.373384859863616 97.38490747832208 2.7170820181220487
79.15634436379094 77.11851076758205 0.10417686680062098
33.84941429850519 52.37207135592379 1.312296658091177
10.369408029138938 18.929126264334773 0.0766378094986671
8.320530160868744 52.5850339544841 3.0810405342050364
72.54054018591918 20.981339209009377 0.9296965330608221
36.03384094379965 26.595719173435263 0.5844691542075704
35.78758785432643 45.22425979256788 0.07588748097657828
14.81869992778081 63.37245655384396 1.8020475937499727
37.777877467549615 14.466328679453966 1.2689830089409466
55.9587338558975 58.121814715867934 2.7466723149764563
6.127515229188574 17.841054064692397 2.14958550679832
62.784653863373684 63.58859725943054 3.1235636909723388
88.67832108228461 77.69920633464463 1.7504261281716036
89.12898015494626 52.312817926201326 2.608373967458122
73.4204691787712 80.49225197236291 0.058186334208003204
92.77402478421118 8.981604949378873 3.0807622030058255
40.5324150956939 95.72988286264493 2.7975169708460315
51.2671904478352 73.21116970459711 0.7317851535094315
82.60074951004793 61.36892580897976 1.8403682323440569
91.28946538196942 64.76580726097137 0.8792148853370172
61.81378412348961 77.77840895613177 0.3410725854144939
73.6122505935542 63.99023178030683 0.45141800463956405
25.849331950362753 86.40722203366289 0.2238816400304806
55.81512541471507 85.90059468179658 1.3166943199111112
17.868548418180332 4.604666262958624 1.7614180028998851
41.06382725434594 47.46229716098145 1.8263529828303076
48.89447940273541 41.442061769747006 1.6734951780544693
38.086776765592624 54.02510328884135 2.117490637219203
12.483100867881713 20.586491368302852 0.5685529388507055
91.34762876925011 83.01665947997341 1.6887540772776117
82.66289626645977 40.89933486747498 2.5727384405653533
98.21194533496164 50.70939262012557 2.9115738021142104
19.099840888468268 28.462020177344993 2.1973451972704248
63.38507564960726 13.056488356922669 0.4675813600003606
8.191064286966975 59.18892552819407 1.735346139969687
4.525820825839 45.199506422084454 1.130726037352177
79.46447269271054 68.53470956158377 2.2475052718692874
53.338637172049 17.397518267833156 2.3087277711833485
25.292427876095047 28.891011655820808 3.0968718135924336
21.988727440788768 51.97723712997184 2.9317276847024405
66.88216231435955 75.52896296231606 1.3036210756114999
95.95021886715291 20.574435044241323 2.0148995232462643
10.524697356579814 67.52175263153293 2.2721494827676554
90.60540773112868 30.517466762229507 1.4942785709914055
11.516732076555702 23.927928329500425 2.4602591811497048
57.872277741081135 83.78626803905664 1.2663279566964254
75.89565828793266 81.68202860444734 3.117891214403539
20.913369416337414 96.61591539895372 0.3435855978811836
38.61898767538378 53.90361489544454 0.12453960402670787
76.24954239969168 67.60934810532086 2.2247639574531233
55.5927538319314 29.470581627049764 1.4897111028602914
75.12135469144245 43.05161705889671 0.8014203861013615
